,order_no,lat,lon
321270,No1335,31.133107033749567,121.62178604558616
321271,No1335,31.13321284446713,121.62278396183892
321272,No1335,31.133314660376858,121.62375187559485
321273,No1335,31.133314650933716,121.62375986655489
321274,No1335,31.13343518599886,121.62492551316771
321275,No1335,31.133437175182074,121.62493350362644
321276,No1335,31.13345009385018,121.62499443098561
321277,No1335,31.133452092773176,121.6249944308205
321278,No1335,31.133525076112814,121.62578648242955
321279,No1335,31.1335684505033,121.62626689657247
321280,No1335,31.13375913843599,121.62798373531332
321281,No1335,31.133973886304556,121.62808758457528
321282,No1335,31.135087943951355,121.62758513236956
321283,No1335,31.13509994788727,121.62757714148616
321284,No1335,31.137481990603632,121.62654822809476
321285,No1335,31.13989900464212,121.62550429343082
321286,No1335,31.13991200757603,121.62549630189497
321287,No1335,31.140311869130272,121.62543534151142
321288,No1335,31.140319864856714,121.6254353408507
321289,No1335,31.14107700271322,121.62499380086292
321290,No1335,31.141081000578403,121.62499380053258
321291,No1335,31.141172996580536,121.624956836364
321292,No1335,31.141215021659864,121.62491787861993
321293,No1335,31.141216030862303,121.62490988791006
321294,No1335,31.14233399834638,121.6244443376279
321295,No1335,31.142335997280586,121.62444433746275
321296,No1335,31.14265898241525,121.62431346177492
321297,No1335,31.142657980551594,121.62431545955698
321298,No1335,31.14413395536578,121.62367606650719
321299,No1335,31.14485790495815,121.62339132652244
321300,No1335,31.145597799705293,121.62314454018785
321301,No1335,31.145935731628867,121.62304861847025
321302,No1335,31.146411609773686,121.62293570373018
321303,No1335,31.14642360341083,121.62293570273928
321304,No1335,31.1471584107361,121.62276482965808
321305,No1335,31.147372373115722,121.62269888411103
321306,No1335,31.147378377961846,121.6226918912557
321307,No1335,31.14797926556697,121.62251203746762
321308,No1335,31.148467153081583,121.62238413570667
321309,No1335,31.14859312732608,121.62234816415614
321310,No1335,31.148601123095716,121.62234816349554
321311,No1335,31.148839066431186,121.62228720956882
321312,No1335,31.14884306431665,121.62228720923854
321313,No1335,31.151522411665223,121.62160871019233
321314,No1335,31.151535404816407,121.62160870911887
321315,No1335,31.152310207137543,121.62141884413688
321316,No1335,31.152317212286498,121.62141085190855
321317,No1335,31.152613157958992,121.62131892331477
321318,No1335,31.152693140085926,121.62129693958177
321319,No1335,31.15409378135172,121.62095218019087
321320,No1335,31.155616382950114,121.62058243152228
321321,No1335,31.15694109041695,121.6202076989631
321322,No1335,31.15802282548279,121.61992389142507
321323,No1335,31.15803981660234,121.61992389002133
321324,No1335,31.158335710455923,121.61987791093149
321325,No1335,31.158346704712113,121.61987791002318
321326,No1335,31.15862161687292,121.61982493946739
321327,No1335,31.158625614785056,121.61982493913709
321328,No1335,31.158731575215416,121.61980994512452
321329,No1335,31.158743568952758,121.61980994413362
321330,No1335,31.158952503967022,121.61976796810217
321331,No1335,31.159451373474845,121.6196440482155
321332,No1335,31.160030227982528,121.61949414636324
321333,No1335,31.16127398414906,121.6191034199873
321334,No1335,31.164493141605067,121.61828492297222
321335,No1335,31.164508141815944,121.61827692911345
321336,No1335,31.16543089160546,121.61804806306766
321337,No1335,31.165436888502562,121.61804806257221
321338,No1335,31.165996742066444,121.61790314832983
321339,No1335,31.165998741032954,121.61790314816469
321340,No1335,31.166370630408025,121.61782019262805
321341,No1335,31.166374628342133,121.61782019229774
321342,No1335,31.16651452855779,121.61784815540531
321343,No1335,31.166676472400088,121.61782016735971
321344,No1335,31.166679470851328,121.61782016711197
321345,No1335,31.16749021868962,121.61765025327038
321346,No1335,31.168572863680822,121.61744135051178
321347,No1335,31.16906669251512,121.61735538602218
321348,No1335,31.169758445428315,121.6172424286858
321349,No1335,31.170091341464854,121.61717246275731
321350,No1335,31.170112346003023,121.61715647506873
321351,No1335,31.170129359286253,121.6171334938373
321352,No1335,31.17013335723128,121.61713349350698
321353,No1335,31.17043425233641,121.61708151417899
321354,No1335,31.170777126807046,121.61702853214581
321355,No1335,31.17129190352181,121.61698552709075
321356,No1335,31.17324901273421,121.61686746784449
321357,No1335,31.174042617299666,121.61685641179196
321358,No1335,31.174782224313685,121.61687233682298
321359,No1335,31.175506828941778,121.61689925354398
321360,No1335,31.176498262846614,121.61696311602545
321361,No1335,31.17700595201336,121.6170180261654
321362,No1335,31.177033930148507,121.61702601687513
321363,No1335,31.178466030910126,121.61720474170667
321364,No1335,31.179882110237756,121.61741443904613
321365,No1335,31.179891097943724,121.61742243119687
321366,No1335,31.181414101672168,121.6176540981038
321367,No1335,31.182454423504414,121.61780987156467
321368,No1335,31.183039034190067,121.6179057362645
321369,No1335,31.183563663179285,121.61801359460966
321370,No1335,31.185000593819577,121.61836115595767
321371,No1335,31.185654136029306,121.61848998213364
321372,No1335,31.1861208262293,121.61856487359829
321373,No1335,31.186791408098696,121.61864574235679
321374,No1335,31.18754195612364,121.61872060988382
321375,No1335,31.187776826365102,121.61873257917576
321376,No1335,31.18780881035429,121.61873257653095
321377,No1335,31.188367461825283,121.61880046627095
321378,No1335,31.188918123483607,121.61886236216395
321379,No1335,31.188924120486906,121.61886236166802
321380,No1335,31.189262910488292,121.61890229578361
321381,No1335,31.189883532300946,121.61896918088947
321382,No1335,31.189884531802257,121.61896918080681
321383,No1335,31.190710024001774,121.61906302305229
321384,No1335,31.19091389987117,121.6190849851975
321385,No1335,31.191085809121976,121.61908996620586
321386,No1335,31.191110803856255,121.61908297082182
321387,No1335,31.19111879987455,121.6190829701605
321388,No1335,31.192393964871002,121.619277677801
321389,No1335,31.19311450049055,121.61938051888448
321390,No1335,31.19312748679189,121.61938751104545
321391,No1335,31.194559534440664,121.61962016632391
321392,No1335,31.195251085487687,121.6197220093992
321393,No1335,31.196331358253175,121.61990573912622
321394,No1335,31.196350348876347,121.61990573755513
321395,No1335,31.196521231824104,121.61993669281011
321396,No1335,31.19668812623463,121.61995865725848
321397,No1335,31.196694114831953,121.61996664885139
321398,No1335,31.199561216100744,121.62042395456751
321399,No1335,31.200404655025558,121.62056074648574
321400,No1335,31.200417648653016,121.62056074541051
321401,No1335,31.2008263706968,121.6206326386223
321402,No1335,31.202338369688487,121.62087326781892
321403,No1335,31.202985970596536,121.62094913628806
321404,No1335,31.202996956516667,121.62095712716233
321405,No1335,31.203372741468694,121.62098606625604
321406,No1335,31.203613601048062,121.62100702471834
321407,No1335,31.204541111858045,121.6210409129396
321408,No1335,31.2045471089374,121.62104091244323
321409,No1335,31.20634822876378,121.62104475924185
321410,No1335,31.208241307902853,121.6210475994486
321411,No1335,31.20825130306618,121.62104759862122
321412,No1335,31.208754059890232,121.62104755700328
321413,No1335,31.208762056024348,121.62104755634135
321414,No1335,31.20909389563793,121.62104752887144
321415,No1335,31.209104890325516,121.62104752796128
321416,No1335,31.211318813952253,121.62105533643529
321417,No1335,31.2143533519304,121.6210600800427
321418,No1335,31.218487374949504,121.62106473257586
321419,No1335,31.21953189884267,121.62104666463989
321420,No1335,31.21956588272839,121.62104666182562
321421,No1335,31.219741797145243,121.62104864519588
321422,No1335,31.219916707693567,121.62105462452463
321423,No1335,31.219918706746316,121.62105462435908
321424,No1335,31.221345031776014,121.62105450623739
321425,No1335,31.222557483459724,121.62103242850037
321426,No1335,31.224594489831954,121.62106422679547
321427,No1335,31.22533514217791,121.62106416544847
321428,No1335,31.22560801421804,121.62106414284652
321429,No1335,31.226444645254933,121.6210430952031
321430,No1335,31.226821489681193,121.62102408356711
321431,No1335,31.226846477993675,121.62102408149724
321432,No1335,31.227834091774998,121.62095507067701
321433,No1335,31.227844087109,121.62095506984905
321434,No1335,31.228658949156223,121.6207322305385
321435,No1335,31.229426898519314,121.62044745579516
321436,No1335,31.229828911461112,121.62026061034325
321437,No1335,31.230150939330464,121.62009375028991
321438,No1335,31.23049399453138,121.61989092296507
321439,No1335,31.230827077127,121.61966511737461
321440,No1335,31.231122174657358,121.61944031197831
321441,No1335,31.231513337083577,121.61910760014483
321442,No1335,31.23180348164109,121.61883483567937
321443,No1335,31.232087643590788,121.61854508466068
321444,No1335,31.23235683552754,121.61822935552952
321445,No1335,31.23261404140208,121.61790163432893
321446,No1335,31.23286127345824,121.61754793292381
321447,No1335,31.233102529805382,121.61716725072996
321448,No1335,31.233328797424637,121.61677657255225
321449,No1335,31.233543091209413,121.61635791286581
321450,No1335,31.23370434367673,121.61600419644071
321451,No1335,31.233935761816465,121.61542565183507
321452,No1335,31.234145173585024,121.6148520912653
321453,No1335,31.23426847073864,121.61444439738314
321454,No1335,31.234333619672153,121.61423555132855
321455,No1335,31.235043339790426,121.61169428277522
321456,No1335,31.235312040696773,121.61057396109925
321457,No1335,31.236123658533753,121.6075345143054
321458,No1335,31.236123657344745,121.60753651337635
321459,No1335,31.23630602879001,121.60675084942658
321460,No1335,31.236328063616405,121.60667088176206
321461,No1335,31.23666660138994,121.6053733668827
321462,No1335,31.237235342756506,121.60321200080769
321463,No1335,31.237498593168382,121.60228420389623
321464,No1335,31.237729723719294,121.60164031677921
321465,No1335,31.237852775333934,121.60132936325815
321466,No1335,31.23809483597753,121.6008094276171
321467,No1335,31.238357872720908,121.60029947599423
321468,No1335,31.238630883470087,121.59982750714227
321469,No1335,31.238834875998613,121.59951052030468
321470,No1335,31.238833875927938,121.59951252021314
321471,No1335,31.239285824471985,121.59889452742418
321472,No1335,31.239542782826724,121.59856652228785
321473,No1335,31.239912703822924,121.59814850462082
321474,No1335,31.24024064162558,121.59770348186696
321475,No1335,31.24028862774758,121.59766047780589
321476,No1335,31.240712508850383,121.59723843702463
321477,No1335,31.240718506121464,121.59723843652856
321478,No1335,31.241607221557206,121.59643732804875
321479,No1335,31.242256988771796,121.59592223508238
321480,No1335,31.243339571952234,121.5951220585309
321481,No1335,31.243978310418473,121.5947049477264
321482,No1335,31.24398230900555,121.59469794634863
321483,No1335,31.244119251264358,121.59462192349545
321484,No1335,31.24412324945783,121.59462192316468
321485,No1335,31.244353152482766,121.59448388248299
321486,No1335,31.24476098065885,121.59417779731828
321487,No1335,31.245049855985048,121.59398473857799
321488,No1335,31.245741551373328,121.59338356091175
321489,No1335,31.246167355734112,121.59298843665972
321490,No1335,31.246176351400454,121.59297343238039
321491,No1335,31.246696102638094,121.59247726611197
321492,No1335,31.24690499933841,121.59227119399331
321493,No1335,31.2469109966444,121.59227119349711
321494,No1335,31.247312792889037,121.59187604912415
321495,No1335,31.247579653940743,121.59161494929394
321496,No1335,31.24758565061445,121.5916069463603
321497,No1335,31.247988435944315,121.59122079157972
321498,No1335,31.24847116906469,121.59074859287622
321499,No1335,31.2484721689701,121.59075159383818
321500,No1335,31.2489638858265,121.59026037609071
321501,No1335,31.249532538980468,121.58965409362793
321502,No1335,31.250058205834815,121.58910281987283
321503,No1335,31.250063202267462,121.5890958164347
321504,No1335,31.252459571938097,121.58677547838411
321505,No1335,31.252470564696473,121.58676747306632
321506,No1335,31.253167017300893,121.5860039799342
321507,No1335,31.253499737540935,121.58561271765302
321508,No1335,31.253896393018177,121.58514039099003
321509,No1335,31.254043274500788,121.58499628690943
321510,No1335,31.25404527061646,121.5849882816062
321511,No1335,31.25431902479859,121.58466204677174
321512,No1335,31.25487950447721,121.58398854506952
321513,No1335,31.254881503594476,121.583988544904
321514,No1335,31.256270131488026,121.58232720720765
321515,No1335,31.256870485405045,121.5815805617656
321516,No1335,31.257275011601166,121.58103307322214
321517,No1335,31.257277006848785,121.58102606713376
321518,No1335,31.257547638219318,121.58058266472945
321519,No1335,31.257550632312604,121.58057465752637
321520,No1335,31.257722377344262,121.580265372135
321521,No1335,31.257840162811284,121.57999111781004
321522,No1335,31.257957928960607,121.57969083584109
321523,No1335,31.258011795937104,121.57951366859703
321524,No1335,31.258289969795552,121.57842360851127
321525,No1335,31.258423540850398,121.57788105854
321526,No1335,31.258422539897545,121.57787905660635
321527,No1335,31.258444479377086,121.57780598104235
321528,No1335,31.258458428436285,121.57774191500677
321529,No1335,31.258460421946257,121.57773390671679
321530,No1335,31.25851933698911,121.57764981632602
321531,No1335,31.25863200379021,121.57725239794465
321532,No1335,31.258754695410765,121.57690402255122
321533,No1335,31.25904306048491,121.57622927358555
321534,No1335,31.259045059610287,121.57622927341987
321535,No1335,31.25925765583246,121.57582981557222
321536,No1335,31.259483257780087,121.57545337454346
321537,No1335,31.259782764342145,121.57500784051587
321538,No1335,31.2602011009003,121.57443313403716
321539,No1335,31.26098787243101,121.57341784083951
321540,No1335,31.26190345202584,121.57230636049988
321541,No1335,31.262305856853384,121.57186575304934
321542,No1335,31.262771232790513,121.57143213989664
321543,No1335,31.26277722231571,121.5714241286949
321544,No1335,31.263377455115037,121.57091439112858
321545,No1335,31.26362316462451,121.57073212163296
321546,No1335,31.26399676615755,121.57049977065657
321547,No1335,31.264003755952626,121.57049276037966
321548,No1335,31.264025738233496,121.57048474747072
321549,No1335,31.264076685384428,121.57045470164522
321550,No1335,31.264078684519724,121.57045470147938
321551,No1335,31.265177462669406,121.56973760398391
321552,No1335,31.265675864588175,121.56937804831158
321553,No1335,31.26567486394413,121.56937704695288
321554,No1335,31.266122332475746,121.56906355608855
321555,No1335,31.266126330754464,121.56906355575676
321556,No1335,31.266736534845702,121.56857779230943
321557,No1335,31.26785078285722,121.56745400557038
321558,No1335,31.269259270924326,121.56585336707505
321559,No1335,31.273321389404483,121.56121501307832
321560,No1335,31.273329374600188,121.56120699766014
321561,No1335,31.27595666675016,121.55811986938777
321562,No1335,31.276325890197707,121.55772204445759
321563,No1335,31.276711210124827,121.55739335064554
321564,No1335,31.277777420682533,121.55655455047604
321565,No1335,31.279244126533797,121.55552829037732
321566,No1335,31.279978149009168,121.55512537672091
321567,No1335,31.280224864766094,121.55501712587329
321568,No1335,31.280659377049922,121.55483470037763
321569,No1335,31.283277509112658,121.55379022432872
321570,No1335,31.28329648914917,121.55378320741215
321571,No1335,31.284052779371734,121.55355364149568
321572,No1335,31.2840567777233,121.55355364116254
321573,No1335,31.28460721767185,121.55336217403405
321574,No1335,31.284609216848782,121.55336217386746
321575,No1335,31.284758181756576,121.55337719459813
321576,No1335,31.28534267872873,121.55322681400558
321577,No1335,31.286002068727335,121.55303333053847
321578,No1335,31.286014049718034,121.55302531174151
321579,No1335,31.286694435359664,121.55283483147953
321580,No1335,31.28669943331283,121.55283483106298
321581,No1335,31.286863270625975,121.55278069673301
321582,No1335,31.286871267352453,121.55278069606652
321583,No1335,31.28736875855206,121.55260826935941
321584,No1335,31.28752258178761,121.55254411285452
321585,No1335,31.287524580970597,121.55254411268788
321586,No1335,31.288088859343123,121.55226844618254
321587,No1335,31.288157768497996,121.55223336135506
321588,No1335,31.288301560896315,121.55215016161036
321589,No1335,31.288431346162092,121.5520599468521
321590,No1335,31.288493245307514,121.55201784639732
321591,No1335,31.288553145203128,121.55197574603089
321592,No1335,31.288734816575957,121.55183441013321
321593,No1335,31.28893737525208,121.55163594134233
321594,No1335,31.288994244881,121.5515768016078
321595,No1335,31.28794135689245,121.55195474931843
321596,No1335,31.28740984953358,121.55210814081929
321597,No1335,31.287399867994832,121.5521161597766
321598,No1335,31.286752514823366,121.55232969527599
321599,No1335,31.286746531585212,121.55233771382127
321600,No1335,31.286553623117857,121.55234474568934
321601,No1335,31.28568744206825,121.55260540276203
321602,No1335,31.285685442889083,121.55260540292865
321603,No1335,31.284423636508002,121.55298735969662
321604,No1335,31.28441065596078,121.55299537859018
321605,No1335,31.283512495682373,121.553263046254
321606,No1335,31.28350349939642,121.55326304700361
321607,No1335,31.282925135164312,121.5534905966803
321608,No1335,31.28283422852894,121.55352267476182
321609,No1335,31.28161656633168,121.5540048304463
321610,No1335,31.281607583842558,121.5540128486402
321611,No1335,31.281381796315898,121.5540820177968
321612,No1335,31.281158031852904,121.55416521700356
321613,No1335,31.2811560326831,121.55416521717008
321614,No1335,31.281012188512403,121.55422135080381
321615,No1335,31.2808753327712,121.55427247286947
321616,No1335,31.280868335678917,121.55427247345229
321617,No1335,31.280224047576567,121.55453308945752
321618,No1335,31.280138147991668,121.55457117854243
321619,No1335,31.279883434121743,121.5546774279516
321620,No1335,31.27987545101821,121.55468544581797
321621,No1335,31.279035432894656,121.55506031667954
321622,No1335,31.27902943539831,121.55506031717897
321623,No1335,31.278403081014428,121.555289856569
321624,No1335,31.278397083521956,121.55528985706837
321625,No1335,31.27823626103924,121.55535601043817
321626,No1335,31.27796249400627,121.55542718359258
321627,No1335,31.27795349777164,121.55542718434161
321628,No1335,31.27772065855221,121.55546528410686
321629,No1335,31.277710662738418,121.5554652849391
321630,No1335,31.27742688311381,121.55552643745665
321631,No1335,31.277420885627325,121.55552643795598
321632,No1335,31.277202060434917,121.55557656169478
321633,No1335,31.276878227819815,121.55559562872268
321634,No1335,31.276874229497718,121.55559562905556
321635,No1335,31.276821256708377,121.55559863979066
321636,No1335,31.27659027231355,121.55554955566227
321637,No1335,31.27648725241295,121.55551148400757
321638,No1335,31.27648325409245,121.55551148434044
321639,No1335,31.27635422842335,121.55546339364261
321640,No1335,31.27619524860021,121.55543534765651
321641,No1335,31.27619324944055,121.55543534782295
321642,No1335,31.27613820923482,121.55539727197515
321643,No1335,31.276134210915735,121.55539727230804
321644,No1335,31.275784795257028,121.55506058734873
321645,No1335,31.275252063268812,121.55449441936753
321646,No1335,31.275248064953313,121.55449441970049
321647,No1335,31.27514091560361,121.55438018224699
321648,No1335,31.27490755640806,121.55411262233248
321649,No1335,31.27490455767248,121.55411262258222
321650,No1335,31.274409898405146,121.55360956578276
321651,No1335,31.27427167453346,121.55344722053542
321652,No1335,31.274269675377695,121.55344722070193
321653,No1335,31.27407736991139,121.55322574812503
321654,No1335,31.274071372445267,121.5532257486246
321655,No1335,31.273773906561907,121.55288902636404
321656,No1335,31.27377189504,121.55288201091456
321657,No1335,31.27356157816895,121.55265251632615
321658,No1335,31.273555566497823,121.55264449889437
321659,No1335,31.2741420759668,121.55194888352703
321660,No1335,31.274149058583724,121.55194086476281
321661,No1335,31.274402399469032,121.55163514833612
321662,No1335,31.274406383256476,121.55162712971101
321663,No1335,31.274537051547128,121.55147477071552
321664,No1335,31.274541035285537,121.55146675203392
321665,No1335,31.27490205886527,121.55101568524613
321666,No1335,31.274910040777872,121.55100766607018
321667,No1335,31.275041690323313,121.55084728429495
321668,No1335,31.275043689480665,121.55084728412831
321669,No1335,31.27524512505226,121.55058766472796
321670,No1335,31.27524712421002,121.5505876645613
321671,No1335,31.275347840116847,121.5504573525938
321672,No1335,31.27534782523015,121.55044933388967
321673,No1335,31.275505417521124,121.5502658921054
321674,No1335,31.27550940276089,121.55025887534791
321675,No1335,31.276145629585983,121.54945793352785
321676,No1335,31.276144626208893,121.5494559288491
321677,No1335,31.27619448931,121.54939477935433